{
 "cells": [
  {
   "cell_type": "code",
   "execution_count": 96,
   "metadata": {},
   "outputs": [],
   "source": [
    "import numpy as np\n",
    "import sys\n",
    "if \"../\" not in sys.path:\n",
    "  sys.path.append(\"../\") \n",
    "from lib.envs.gridworld import GridworldEnv"
   ]
  },
  {
   "cell_type": "code",
   "execution_count": 97,
   "metadata": {},
   "outputs": [],
   "source": [
    "env = GridworldEnv()"
   ]
  },
  {
   "cell_type": "code",
   "execution_count": 98,
   "metadata": {},
   "outputs": [],
   "source": [
    "def policy_eval(policy, env, discount_factor=1.0, theta=0.00001):\n",
    "    \"\"\"\n",
    "    Evaluate a policy given an environment and a full description of the environment's dynamics.\n",
    "    \n",
    "    Args:\n",
    "        policy: [S, A] shaped matrix representing the policy.\n",
    "        env: OpenAI env. env.P represents the transition probabilities of the environment.\n",
    "            env.P[s][a] is a list of transition tuples (prob, next_state, reward, done).\n",
    "            env.nS is a number of states in the environment. \n",
    "            env.nA is a number of actions in the environment.\n",
    "        theta: We stop evaluation once our value function change is less than theta for all states.\n",
    "        discount_factor: Gamma discount factor.\n",
    "    \n",
    "    Returns:\n",
    "        Vector of length env.nS representing the value function.\n",
    "    \"\"\"\n",
    "    # Start with a random (all 0) value function\n",
    "    V = np.zeros(env.nS)\n",
    "    while True:\n",
    "        delta = 0\n",
    "        for i in range(env.nS):\n",
    "            v = V[i]\n",
    "            state_policy = policy[i]\n",
    "            state_dynamics = env.P[i]\n",
    "            new_value = 0 \n",
    "            for j in range(env.nA):\n",
    "                for next_state in state_dynamics[j]:\n",
    "                    new_value += state_policy[j] * next_state[0] * (next_state[2] + discount_factor * V[next_state[1]])\n",
    "            V[i] = new_value\n",
    "            delta = max(delta, abs(v - V[i]))\n",
    "        if delta < theta:\n",
    "            break\n",
    "    return np.array(V)"
   ]
  },
  {
   "cell_type": "code",
   "execution_count": 99,
   "metadata": {},
   "outputs": [],
   "source": [
    "random_policy = np.ones([env.nS, env.nA]) / env.nA\n",
    "v = policy_eval(random_policy, env)\n"
   ]
  },
  {
   "cell_type": "code",
   "execution_count": 100,
   "metadata": {},
   "outputs": [
    {
     "name": "stdout",
     "output_type": "stream",
     "text": [
      "Value Function:\n",
      "[  0.         -13.99993529 -19.99990698 -21.99989761 -13.99993529\n",
      " -17.9999206  -19.99991379 -19.99991477 -19.99990698 -19.99991379\n",
      " -17.99992725 -13.99994569 -21.99989761 -19.99991477 -13.99994569\n",
      "   0.        ]\n",
      "\n",
      "Reshaped Grid Value Function:\n",
      "[[  0.         -13.99993529 -19.99990698 -21.99989761]\n",
      " [-13.99993529 -17.9999206  -19.99991379 -19.99991477]\n",
      " [-19.99990698 -19.99991379 -17.99992725 -13.99994569]\n",
      " [-21.99989761 -19.99991477 -13.99994569   0.        ]]\n",
      "\n"
     ]
    }
   ],
   "source": [
    "print(\"Value Function:\")\n",
    "print(v)\n",
    "print(\"\")\n",
    "\n",
    "print(\"Reshaped Grid Value Function:\")\n",
    "print(v.reshape(env.shape))\n",
    "print(\"\")"
   ]
  },
  {
   "cell_type": "code",
   "execution_count": 101,
   "metadata": {},
   "outputs": [],
   "source": [
    "# Test: Make sure the evaluated policy is what we expected\n",
    "expected_v = np.array([0, -14, -20, -22, -14, -18, -20, -20, -20, -20, -18, -14, -22, -20, -14, 0])\n",
    "np.testing.assert_array_almost_equal(v, expected_v, decimal=2)"
   ]
  }
 ],
 "metadata": {
  "kernelspec": {
   "display_name": "rl-eg",
   "language": "python",
   "name": "rl-eg"
  },
  "language_info": {
   "codemirror_mode": {
    "name": "ipython",
    "version": 3
   },
   "file_extension": ".py",
   "mimetype": "text/x-python",
   "name": "python",
   "nbconvert_exporter": "python",
   "pygments_lexer": "ipython3",
   "version": "3.5.3"
  }
 },
 "nbformat": 4,
 "nbformat_minor": 1
}
